0.441 0.710712134838 0.964381814003 0.778262972832
0.470 0.302824467421 0.0401515737176 0.955388784409
0.431 0.918790638447 0.0203226748854 0.646117389202
0.453 0.776486694813 0.187840402126 0.618935406208
0.436 0.696543574333 0.669710874557 0.954848408699
0.469 0.30029040575 0.892982602119 0.778723061085
0.510 0.138535022736 0.19846136868 0.518617928028
0.357 0.0183988064528 0.194245740771 0.874159157276
0.491 0.136489331722 0.756221830845 0.22110311687
0.461 0.0263210982084 0.461268097162 0.182842761278
0.500 0.665108323097 0.640006542206 0.316045403481
0.482 0.0758808404207 0.865257978439 0.388547033072
0.454 0.612674057484 0.914792478085 0.645209252834
0.506 0.954410552979 0.838967740536 0.375486731529
0.490 0.822994530201 0.578440368176 0.477310180664
0.432 0.442976057529 0.94412869215 0.831268250942
0.490 0.40161293745 0.293498933315 0.115753762424
0.449 0.242618858814 0.692621767521 0.192368045449
0.515 0.559794008732 0.499633729458 0.271096736193
0.518 0.278800308704 0.614221334457 0.0416321344674
0.503 0.690574944019 0.489799231291 0.525211513042
0.499 0.857604384422 0.862202107906 0.589516937733
0.492 0.779080212116 0.155708283186 0.521701276302
0.423 0.886186480522 0.930071294308 0.700015485287
0.489 0.857461214066 0.397016853094 0.111234158278
0.370 0.5501973629 0.598426282406 0.716553866863
0.485 0.709444999695 0.730556249619 0.753588378429
0.461 0.545614242554 0.514650642872 0.246642917395
0.373 0.823421478271 0.300843089819 0.654824674129
0.480 0.732639074326 0.229394108057 0.313554018736
0.516 0.906328320503 0.654420495033 0.0793821513653
0.297 0.364752292633 0.710240662098 0.419647961855
0.441 0.327229112387 0.0295799542218 0.234797298908
0.422 0.21655203402 0.785304248333 0.506129801273
0.521 0.220848411322 0.370637863874 0.0701456069946
0.427 0.100190497935 0.0729103684425 0.335203588009
0.495 0.294523000717 0.426881968975 0.260672837496
0.468 0.0875289589167 0.0441143475473 0.686861991882
0.462 0.651078104973 0.277283042669 0.194653362036
0.455 0.624730706215 0.30717343092 0.460061997175
0.490 0.0105318110436 0.0746028274298 0.324322372675
0.480 0.842680573463 0.0498341843486 0.953642487526
0.473 0.350291550159 0.44723162055 0.00720840785652
0.490 0.862171053886 0.00356666184962 0.41732943058
0.472 0.803411364555 0.549540400505 0.131795376539
0.514 0.540179371834 0.129604265094 0.295484036207
0.489 0.625411808491 0.164952546358 0.177020266652
0.382 0.539389908314 0.0614875257015 0.425791233778
0.529 0.962582170963 0.816949188709 0.924801170826
0.502 0.260097265244 0.161115989089 0.572414457798
----------best one: 
 best 0.529 0.962582170963 0.816949188709 0.924801170826
