0.485 0.399264723063 0.86177957058 0.74755692482
0.485 0.596716284752 0.301308602095 0.366166889668
0.532 0.596716284752 0.86177957058 0.957190513611
0.425 0.45722386241 0.753273844719 0.957190513611
0.394 0.930681586266 0.301308602095 0.596654713154
0.392 0.596716284752 0.301308602095 0.594877183437
0.539 0.930681586266 0.513005316257 0.0358742140234
0.506 0.45722386241 0.242312133312 0.957190513611
0.436 0.242071941495 0.301308602095 0.594877183437
0.508 0.596716284752 0.301308602095 0.594877183437
0.516 0.930681586266 0.86177957058 0.957190513611
0.521 0.45722386241 0.301308602095 0.594877183437
0.468 0.596716284752 0.301308602095 0.594877183437
0.444 0.930681586266 0.301308602095 0.957190513611
0.474 0.596716284752 0.65731960535 0.594877183437
0.465 0.624798476696 0.242312133312 0.957190513611
0.466 0.45722386241 0.301308602095 0.594877183437
0.466 0.242071941495 0.65731960535 0.226177930832
0.462 0.596716284752 0.301308602095 0.0929757282138
0.462 0.45722386241 0.301308602095 0.957190513611
0.499 0.930681586266 0.86177957058 0.594877183437
0.458 0.417231738567 0.301308602095 0.0929757282138
0.491 0.596716284752 0.65731960535 0.594877183437
0.474 0.930681586266 0.864995658398 0.0832746848464
0.470 0.596716284752 0.301308602095 0.596654713154
0.447 0.596716284752 0.86177957058 0.957190513611
0.350 0.930681586266 0.65731960535 0.594877183437
0.508 0.45722386241 0.86177957058 0.594877183437
0.488 0.596716284752 0.301308602095 0.957190513611
0.499 1.0 0.65731960535 0.957190513611
0.517 0.596716284752 0.301308602095 0.147487416863
0.475 0.930681586266 0.320484310389 0.957190513611
0.471 0.917430281639 0.513005316257 0.912930071354
0.460 0.45722386241 0.264922499657 0.957190513611
0.438 0.45722386241 0.242312133312 0.594877183437
0.480 0.657499313354 0.301308602095 0.594877183437
0.501 0.596716284752 0.301308602095 0.596654713154
0.505 0.917430281639 0.65731960535 0.226177930832
0.400 0.242071941495 0.513005316257 0.912930071354
0.429 0.45722386241 0.301308602095 0.0832746848464
0.480 0.596716284752 0.75325191021 0.957190513611
0.485 0.596716284752 0.301308602095 0.0
0.528 0.596716284752 0.301308602095 0.147487416863
0.494 0.714134693146 0.242312133312 0.594877183437
0.524 0.45722386241 0.513005316257 0.0929757282138
0.508 0.596716284752 0.301308602095 0.594877183437
0.386 0.45722386241 0.242312133312 0.596654713154
0.432 0.714134693146 0.864995658398 0.0832746848464
0.484 0.930681586266 0.242312133312 0.594877183437
0.507 0.45722386241 0.753273844719 0.594877183437
----------best one: 
 best 0.539 0.930681586266 0.513005316257 0.0358742140234
