0.493 0.930681586266 0.513005316257 0.0358742140234
0.403 0.596716284752 0.301308602095 0.594877183437
0.406 0.596716284752 0.301308602095 0.594877183437
0.446 0.930681586266 0.301308602095 0.147487416863
0.447 0.596716284752 0.242312133312 0.594877183437
0.509 0.596716284752 0.301308602095 0.594877183437
0.474 0.45722386241 0.431346088648 0.147487416863
0.507 0.596716284752 0.301308602095 0.594877183437
0.529 0.596716284752 0.301308602095 0.594877183437
0.499 0.930681586266 0.86177957058 0.594877183437
0.519 0.714134693146 0.242312133312 0.594877183437
0.491 0.596716284752 0.431346088648 0.147487416863
0.455 0.885541498661 0.301308602095 0.594877183437
0.495 0.45722386241 0.513005316257 0.0358742140234
0.466 0.930681586266 0.513005316257 0.0929757282138
0.483 0.45722386241 0.498804032803 0.912930071354
0.506 0.322273075581 0.513005316257 0.0832746848464
0.496 0.714134693146 0.242312133312 0.594877183437
0.377 0.596716284752 0.65731960535 0.594877183437
0.523 0.596716284752 0.431346088648 0.594877183437
0.475 0.657499313354 0.301308602095 0.147487416863
0.519 0.242071941495 0.513005316257 0.957190513611
0.388 0.930681586266 0.320484310389 0.912930071354
0.501 0.714134693146 0.242312133312 0.912930071354
0.400 0.45722386241 0.498804032803 0.594877183437
0.351 0.657499313354 0.242312133312 0.594877183437
0.486 0.930681586266 0.301308602095 0.147487416863
0.512 0.885541498661 0.301308602095 0.0
0.394 0.596716284752 0.301308602095 0.594877183437
0.489 0.930681586266 0.301308602095 0.594877183437
0.494 0.657499313354 0.513005316257 0.0929757282138
0.370 0.930681586266 0.320484310389 0.594877183437
0.432 0.596716284752 0.301308602095 0.957190513611
0.491 0.45722386241 0.301308602095 0.594877183437
0.490 0.885541498661 0.513005316257 0.0358742140234
0.520 0.714134693146 0.242312133312 0.0358742140234
0.461 0.45722386241 0.513005316257 0.594877183437
0.518 0.45722386241 0.242312133312 0.566578090191
0.522 0.657499313354 0.498804032803 0.912930071354
0.382 0.45722386241 0.242312133312 0.0358742140234
0.472 0.714134693146 0.513005316257 0.0358742140234
0.490 0.885541498661 0.513005316257 0.314773052931
0.494 0.45722386241 0.301308602095 0.0358742140234
0.495 0.596716284752 0.301308602095 0.594877183437
0.524 0.45722386241 0.301308602095 0.0358742140234
0.443 0.657499313354 0.301308602095 0.0832746848464
0.496 0.322273075581 0.513005316257 0.147487416863
0.429 0.885541498661 0.301308602095 0.594877183437
0.440 0.657499313354 0.301308602095 0.147487416863
0.511 0.714134693146 0.242312133312 0.594877183437
----------best one: 
 best 0.529 0.596716284752 0.301308602095 0.594877183437
