0.467 0.45722386241 0.513005316257 0.594877183437
0.431 0.45722386241 0.513005316257 0.0358742140234
0.488 0.45722386241 0.242312133312 0.566578090191
0.435 0.186673432589 0.242312133312 0.0
0.354 0.45722386241 0.513005316257 0.566578090191
0.479 0.45722386241 0.326523065567 0.344916373491
0.412 0.45722386241 0.301308602095 0.594877183437
0.504 0.186673432589 0.242312133312 0.0358742140234
0.382 0.45722386241 0.301308602095 0.566578090191
0.446 0.45722386241 0.513005316257 0.0
0.471 0.322273075581 0.301308602095 0.566578090191
0.436 0.657499313354 0.301308602095 0.0358742140234
0.471 0.714134693146 0.513005316257 0.0358742140234
0.475 0.45722386241 0.513005316257 0.0358742140234
0.537 0.45722386241 0.301308602095 0.0358742140234
0.463 0.45722386241 0.513005316257 0.0
0.478 0.657499313354 0.513005316257 0.0
0.451 0.714134693146 0.301308602095 0.0358742140234
0.472 0.45722386241 0.242312133312 0.566578090191
0.522 0.657499313354 0.301308602095 0.396951973438
0.502 0.45722386241 0.144586756825 0.0358742140234
0.420 0.45722386241 0.144586756825 0.396951973438
0.501 0.45722386241 0.326523065567 0.344916373491
0.477 0.45722386241 0.60483789444 0.0
0.425 0.45722386241 0.513005316257 0.566578090191
0.428 0.45722386241 0.242312133312 0.0358742140234
0.402 0.45722386241 0.301308602095 0.566578090191
0.347 0.45722386241 0.301308602095 0.566578090191
0.407 0.45722386241 0.301308602095 0.566578090191
0.503 0.559832513332 0.60483789444 0.566578090191
0.513 0.186673432589 0.242312133312 0.0
0.497 0.327365249395 0.60483789444 0.566578090191
0.422 0.559832513332 0.227215394378 0.566578090191
0.428 0.207641467452 0.326523065567 0.566578090191
0.528 0.714134693146 0.227215394378 0.344916373491
0.382 0.714134693146 0.242312133312 0.0358742140234
0.501 0.45722386241 0.227215394378 0.344916373491
0.496 0.657499313354 0.301308602095 0.0
0.502 0.45722386241 0.513005316257 0.0358742140234
0.502 0.45722386241 0.513005316257 0.566578090191
0.501 0.327365249395 0.60483789444 0.594877183437
0.486 0.45722386241 0.301308602095 0.0358742140234
0.501 0.714134693146 0.513005316257 0.566578090191
0.452 0.45722386241 0.301308602095 0.594877183437
0.514 0.45722386241 0.301308602095 0.594877183437
0.499 0.714134693146 0.301308602095 0.0358742140234
0.510 0.657499313354 0.301308602095 0.0358742140234
0.457 0.657499313354 0.301308602095 0.0358742140234
0.513 0.657499313354 0.513005316257 0.0
0.433 0.714134693146 0.227215394378 0.344916373491
----------best one: 
 best 0.537 0.45722386241 0.301308602095 0.0358742140234
