0.489 0.962582170963 0.816949188709 0.924801170826
0.519 0.140746161342 0.358846634626 0.633819878101
0.493 0.828221321106 0.926412045956 0.494926035404
0.525 0.398276656866 0.403810799122 0.431790024042
0.370 0.611359536648 0.215582430363 0.462610036135
0.433 0.474668413401 0.0112828863785 0.849009275436
0.462 0.450621128082 0.693150699139 0.467562556267
0.483 0.902372956276 0.306979745626 0.864640295506
0.519 0.678362190723 0.958649814129 0.842984676361
0.510 0.649071991444 0.722958981991 0.262177616358
0.481 0.659793674946 0.30085298419 0.274976968765
0.513 0.366835057735 0.314328819513 0.332804143429
0.433 0.516386806965 0.689559519291 0.0931692644954
0.462 0.820470869541 0.649319469929 0.0450677312911
0.494 0.0560541749001 0.059010617435 0.304733127356
0.497 0.041297737509 0.689341187477 0.533515274525
0.417 0.185170903802 0.04843448475 0.906311392784
0.409 0.810204863548 0.209088608623 0.508757591248
0.525 0.338676035404 0.934178709984 0.474417746067
0.381 0.57770627737 0.300249069929 0.433046340942
0.513 0.155366063118 0.960968077183 0.0221184045076
0.476 0.224532201886 0.102060601115 0.521791279316
0.302 0.0519871041179 0.381810218096 0.826485395432
0.486 0.385788291693 0.0442338585854 0.031094936654
0.451 0.495751470327 0.832280278206 0.142293080688
0.415 0.833913505077 0.37174770236 0.545408844948
0.489 0.842172920704 0.656470239162 0.952636599541
0.489 0.596716284752 0.979477524757 0.878017008305
0.380 0.024224800989 0.0368583388627 0.809950590134
0.382 0.89853811264 0.0215290822089 0.161422610283
0.355 0.491163820028 0.71829020977 0.957190513611
0.485 0.924949467182 0.336449921131 0.483309477568
0.466 0.266880631447 0.381323814392 0.234638735652
0.423 0.0626358985901 0.374952286482 0.382581830025
0.507 0.387486159801 0.114777758718 0.74755692482
0.438 0.536755681038 0.805522978306 0.908695995808
0.495 0.687141597271 0.301308602095 0.0584381856024
0.467 0.930681586266 0.783038675785 0.934462547302
0.469 0.515253126621 0.620200693607 0.546073019505
0.479 0.797775864601 0.848331272602 0.120279595256
0.488 0.814353048801 0.901541233063 0.830374240875
0.499 0.766796886921 0.189733803272 0.849518120289
0.450 0.297200083733 0.0137602984905 0.396635770798
0.487 0.718386054039 0.15247155726 0.197666570544
0.457 0.644895493984 0.191235944629 0.42171561718
0.470 0.154088243842 0.478071033955 0.905238032341
0.287 0.687051236629 0.36280426383 0.471888720989
0.490 0.368712633848 0.0464071705937 0.250245541334
0.423 0.914247214794 0.74604177475 0.290194600821
0.437 0.271743744612 0.325629144907 0.576437294483
----------best one: 
 best 0.525 0.398276656866 0.403810799122 0.431790024042
