0.445 0.596716284752 0.301308602095 0.594877183437
0.514 0.596716284752 0.498804032803 0.912930071354
0.456 0.657499313354 0.301308602095 0.594877183437
0.471 0.930681586266 0.513005316257 0.0358742140234
0.468 0.714134693146 0.406773090363 0.594877183437
0.451 0.930681586266 0.301308602095 0.147487416863
0.465 0.714134693146 0.242312133312 0.594877183437
0.469 0.322273075581 0.513005316257 0.594877183437
0.512 0.657499313354 0.242312133312 0.147487416863
0.513 0.714134693146 0.242312133312 0.0832746848464
0.392 0.322273075581 0.513005316257 0.594877183437
0.480 0.930681586266 0.301308602095 0.0358742140234
0.439 0.45722386241 0.301308602095 0.594877183437
0.496 0.930681586266 0.513005316257 0.594877183437
0.471 0.930681586266 0.301308602095 0.0929757282138
0.503 0.45722386241 0.513005316257 0.0358742140234
0.499 0.885541498661 0.242312133312 0.0358742140234
0.445 0.45722386241 0.242312133312 0.147487416863
0.499 0.657499313354 0.301308602095 0.0358742140234
0.512 0.322273075581 0.513005316257 0.0358742140234
0.444 0.714134693146 0.242312133312 0.147487416863
0.481 0.930681586266 0.301308602095 0.594877183437
0.463 0.657499313354 0.301308602095 0.594877183437
0.467 0.45722386241 0.301308602095 0.0358742140234
0.507 0.930681586266 0.301308602095 0.594877183437
0.507 0.714134693146 0.242312133312 0.0358742140234
0.423 0.45722386241 0.301308602095 0.594877183437
0.509 0.885541498661 0.513005316257 0.594877183437
0.481 0.596716284752 0.301308602095 0.314773052931
0.468 0.45722386241 0.301308602095 0.594877183437
0.429 0.45722386241 0.301308602095 0.0358742140234
0.533 0.322273075581 0.513005316257 0.0358742140234
0.502 0.885541498661 0.242312133312 0.147487416863
0.471 0.714134693146 0.513005316257 0.0358742140234
0.499 0.714134693146 0.242312133312 0.0832746848464
0.509 0.45722386241 0.242312133312 0.566578090191
0.480 0.45722386241 0.301308602095 0.0358742140234
0.457 0.45722386241 0.242312133312 0.566578090191
0.477 0.322273075581 0.513005316257 0.594877183437
0.494 0.45722386241 0.242312133312 0.566578090191
0.379 0.45722386241 0.796311318874 0.594877183437
0.493 0.322273075581 0.242312133312 0.147487416863
0.538 0.657499313354 0.513005316257 0.147487416863
0.500 0.714134693146 0.242312133312 0.0358742140234
0.482 0.45722386241 0.301308602095 0.594877183437
0.387 0.714134693146 0.242312133312 0.0358742140234
0.497 0.45722386241 0.301308602095 0.0358742140234
0.461 0.657499313354 0.513005316257 0.147487416863
0.525 0.74743694067 0.242312133312 0.147487416863
0.494 0.714134693146 0.242312133312 0.0929757282138
----------best one: 
 best 0.538 0.657499313354 0.513005316257 0.147487416863
