0.497 0.657499313354 0.513005316257 0.147487416863
0.463 0.322273075581 0.513005316257 0.594877183437
0.504 0.45722386241 0.301308602095 0.0358742140234
0.466 0.45722386241 0.242312133312 0.0358742140234
0.499 0.45722386241 0.301308602095 0.566578090191
0.497 0.322273075581 0.301308602095 0.147487416863
0.459 0.930681586266 0.513005316257 0.594877183437
0.454 0.45722386241 0.301308602095 0.594877183437
0.484 0.930681586266 0.301308602095 0.0358742140234
0.450 0.45722386241 0.242312133312 0.594877183437
0.475 0.322273075581 0.513005316257 0.566578090191
0.464 0.657499313354 0.513005316257 0.594877183437
0.433 0.322273075581 0.513005316257 0.147487416863
0.493 0.930681586266 0.301308602095 0.0358742140234
0.459 0.45722386241 0.513005316257 0.594877183437
0.483 0.526691675186 0.285379052162 0.0358742140234
0.511 0.45722386241 0.301308602095 0.0358742140234
0.299 0.322273075581 0.513005316257 0.566578090191
0.523 0.45722386241 0.242312133312 0.147487416863
0.446 0.526691675186 0.285379052162 0.594877183437
0.459 0.45722386241 0.242312133312 0.0
0.381 0.45722386241 0.301308602095 0.314773052931
0.469 0.596716284752 0.301308602095 0.185280919075
0.502 0.714134693146 0.242312133312 0.0358742140234
0.395 0.322273075581 0.513005316257 0.0358742140234
0.518 0.322273075581 0.301308602095 0.594877183437
0.456 0.45722386241 0.513005316257 0.566578090191
0.472 0.45722386241 0.301308602095 0.0358742140234
0.439 0.596716284752 0.301308602095 0.314773052931
0.517 0.657499313354 0.301308602095 0.0358742140234
0.489 0.45722386241 0.513005316257 0.399273514748
0.467 0.45722386241 0.513005316257 0.594877183437
0.436 0.45722386241 0.242312133312 0.147487416863
0.439 0.45722386241 0.242312133312 0.147487416863
0.422 0.657499313354 0.513005316257 0.147487416863
0.500 0.657499313354 0.301308602095 0.0358742140234
0.487 0.45722386241 0.301308602095 0.0358742140234
0.514 0.657499313354 0.513005316257 0.0
0.519 0.714134693146 0.242312133312 0.147487416863
0.507 0.45722386241 0.513005316257 0.594877183437
0.523 0.45722386241 0.301308602095 0.0358742140234
0.516 0.596716284752 0.301308602095 0.147487416863
0.425 0.322273075581 0.0081731332466 0.265378564596
0.472 0.45722386241 0.242312133312 0.0358742140234
0.501 0.714134693146 0.301308602095 0.594877183437
0.493 0.322273075581 0.513005316257 0.594877183437
0.476 0.45722386241 0.513005316257 0.594877183437
0.468 0.657499313354 0.513005316257 0.566578090191
0.480 0.322273075581 0.301308602095 0.0358742140234
0.468 0.45722386241 0.513005316257 0.147487416863
----------best one: 
 best 0.523 0.45722386241 0.242312133312 0.147487416863
