0.440 0.559832513332 0.301308602095 0.0358742140234
0.301 0.559832513332 0.301308602095 0.0
0.514 0.45722386241 0.513005316257 0.0358742140234
0.472 0.657499313354 0.301308602095 0.0358742140234
0.414 0.657499313354 0.513005316257 0.594877183437
0.453 0.45722386241 0.513005316257 0.566578090191
0.521 0.559832513332 0.227215394378 0.0358742140234
0.539 0.714134693146 0.513005316257 0.594877183437
0.467 0.657499313354 0.513005316257 0.506591320038
0.517 0.685904383659 0.813597083092 0.0358742140234
0.502 1.0 0.227215394378 0.0
0.426 0.714134693146 0.513005316257 0.0358742140234
0.410 0.714134693146 0.301308602095 0.0
0.504 0.657499313354 0.301308602095 0.594877183437
0.466 0.657499313354 0.301308602095 0.594877183437
0.527 0.0 0.607569754124 0.0
0.482 0.511252462864 0.301308602095 0.594877183437
0.470 0.45722386241 0.594386577606 0.594877183437
0.519 0.714134693146 0.242312133312 0.344916373491
0.444 0.559832513332 0.513005316257 0.344916373491
0.446 0.660581171513 0.227215394378 0.0358742140234
0.446 0.714134693146 0.167104169726 0.0358742140234
0.456 0.657499313354 0.513005316257 0.0
0.471 0.660581171513 0.368984937668 0.594877183437
0.517 0.657499313354 0.227215394378 0.0358742140234
0.468 0.657499313354 0.301308602095 0.0358742140234
0.392 0.657499313354 0.301308602095 0.0358742140234
0.477 0.657499313354 0.301308602095 0.0
0.486 0.559832513332 0.513005316257 0.344916373491
0.496 0.657499313354 0.301308602095 0.0358742140234
0.487 0.714134693146 0.513005316257 0.0358742140234
0.497 0.657499313354 0.301308602095 0.0
0.496 0.714134693146 0.301308602095 0.0358742140234
0.384 0.714134693146 0.513005316257 0.566578090191
0.464 0.45722386241 0.513005316257 0.0358742140234
0.426 0.607823371887 0.242312133312 0.344916373491
0.476 0.559832513332 0.513005316257 0.0
0.512 0.657499313354 0.513005316257 0.566578090191
0.441 0.45722386241 0.301308602095 0.0358742140234
0.521 0.45722386241 0.513005316257 0.344916373491
0.441 0.714134693146 0.242312133312 0.0358742140234
0.476 0.45722386241 0.227215394378 0.0358742140234
0.512 0.660581171513 0.513005316257 0.566578090191
0.511 0.714134693146 0.513005316257 0.0358742140234
0.551 0.45722386241 0.513005316257 0.594877183437
0.448 1.0 0.227215394378 0.0358742140234
0.485 0.714134693146 0.513005316257 0.0
0.456 0.657499313354 0.513005316257 0.506591320038
0.454 0.657499313354 0.513005316257 0.566578090191
0.388 0.657499313354 0.301308602095 0.0358742140234
----------best one: 
 best 0.551 0.45722386241 0.513005316257 0.594877183437
