0.512 0.714134693146 0.227215394378 0.566578090191
0.232 0.45722386241 0.301308602095 0.594877183437
0.327 0.45722386241 0.301308602095 0.0358742140234
0.409 0.657499313354 0.513005316257 0.0
0.450 0.45722386241 0.513005316257 0.594877183437
0.516 0.45722386241 0.513005316257 0.0358742140234
0.478 0.45722386241 0.314013630152 0.147487416863
0.514 0.45722386241 0.301308602095 0.566578090191
0.520 0.45722386241 0.513005316257 0.594877183437
0.508 0.45722386241 0.513005316257 0.0358742140234
0.501 0.45722386241 0.513005316257 0.396951973438
0.438 0.45722386241 0.301308602095 0.396951973438
0.469 0.45722386241 0.513005316257 0.0358742140234
0.491 0.45722386241 0.242312133312 0.438003838062
0.421 0.322273075581 0.301308602095 0.0358742140234
0.481 0.45722386241 0.513005316257 0.594877183437
0.513 0.45722386241 0.513005316257 0.0
0.494 0.714134693146 0.513005316257 0.0358742140234
0.434 0.45722386241 0.275422126055 0.566578090191
0.411 0.657499313354 0.513005316257 0.0
0.476 0.45722386241 0.301308602095 0.566578090191
0.506 0.45722386241 0.301308602095 0.566578090191
0.505 0.45722386241 0.513005316257 0.396951973438
0.510 0.714134693146 0.242312133312 0.566578090191
0.427 0.45722386241 0.227215394378 0.566578090191
0.456 0.45722386241 0.326523065567 0.0
0.447 0.45722386241 0.764870047569 0.594877183437
0.492 0.391349136829 0.513005316257 0.594877183437
0.346 0.45722386241 0.301308602095 0.566578090191
0.512 0.45722386241 0.513005316257 0.0358742140234
0.488 0.714134693146 0.301308602095 0.673656463623
0.423 0.45722386241 0.242312133312 0.566578090191
0.489 0.45722386241 0.227215394378 0.147487416863
0.364 0.714134693146 0.227215394378 0.566578090191
0.441 0.45722386241 0.227215394378 0.566578090191
0.492 0.45722386241 0.301308602095 0.0358742140234
0.473 0.45722386241 0.242312133312 0.0358742140234
0.482 0.45722386241 0.144586756825 0.396951973438
0.378 0.45722386241 0.301308602095 0.344916373491
0.463 0.45722386241 0.242312133312 0.566578090191
0.428 0.186673432589 0.242312133312 0.566578090191
0.501 0.322273075581 0.513005316257 0.0
0.398 0.657499313354 0.301308602095 0.0358742140234
0.496 0.45722386241 0.301308602095 0.0358742140234
0.516 0.322273075581 0.314013630152 0.147487416863
0.303 0.45722386241 0.301308602095 0.0358742140234
0.404 0.45722386241 0.513005316257 0.594877183437
0.496 0.45722386241 0.301308602095 0.0358742140234
0.510 0.657499313354 0.301308602095 0.0358742140234
0.433 0.45722386241 0.326523065567 0.594877183437
----------best one: 
 best 0.520 0.45722386241 0.513005316257 0.594877183437
