0.508 0.45722386241 0.301308602095 0.0358742140234
0.468 0.186673432589 0.301308602095 0.396951973438
0.479 0.657499313354 0.242312133312 0.0358742140234
0.509 0.45722386241 0.513005316257 0.0358742140234
0.413 0.186673432589 0.242312133312 0.0
0.213 0.45722386241 0.513005316257 0.0358742140234
0.470 0.657499313354 0.368984937668 0.0
0.457 0.45722386241 0.301308602095 0.0358742140234
0.508 0.45722386241 0.301308602095 0.566578090191
0.480 0.714134693146 0.513005316257 0.344916373491
0.482 0.385832637548 0.227215394378 0.566578090191
0.434 0.327365249395 0.60483789444 0.566578090191
0.484 0.45722386241 0.477579563856 0.0358742140234
0.465 0.45722386241 0.513005316257 0.0
0.510 0.119132861495 0.242312133312 0.0358742140234
0.472 0.327365249395 0.60483789444 0.0
0.373 0.657499313354 0.513005316257 0.594877183437
0.469 0.327365249395 0.301308602095 0.594877183437
0.526 0.685904383659 0.813597083092 0.0
0.495 0.559832513332 0.227215394378 0.566578090191
0.452 0.385832637548 0.227215394378 0.566578090191
0.502 0.45722386241 0.242312133312 0.0358742140234
0.515 0.119132861495 0.473973959684 0.0358742140234
0.474 0.45722386241 0.301308602095 0.0358742140234
0.483 0.714134693146 0.301308602095 0.594877183437
0.432 0.714134693146 0.513005316257 0.0358742140234
0.463 0.45722386241 0.242312133312 0.344916373491
0.491 0.511252462864 0.607569754124 0.0
0.521 0.657499313354 0.368984937668 0.594877183437
0.489 0.714134693146 0.513005316257 0.0
0.440 0.176583245397 0.513005316257 0.344916373491
0.456 0.45722386241 0.301308602095 0.566578090191
0.525 0.714134693146 0.513005316257 0.0358742140234
0.258 0.714134693146 0.513005316257 0.506591320038
0.397 0.45722386241 0.513005316257 0.0358742140234
0.412 0.45722386241 0.227215394378 0.594877183437
0.420 0.660581171513 0.513005316257 0.344916373491
0.462 0.559832513332 0.301308602095 0.0
0.490 0.657499313354 0.227215394378 0.566578090191
0.516 0.714134693146 0.242312133312 0.0
0.493 0.186673432589 0.513005316257 0.506591320038
0.471 0.657499313354 0.301308602095 0.594877183437
0.400 0.657499313354 0.513005316257 0.0358742140234
0.526 0.559832513332 0.301308602095 0.0358742140234
0.454 0.657499313354 0.301308602095 0.0
0.512 0.559832513332 0.227215394378 0.0
0.476 0.45722386241 0.513005316257 0.566578090191
0.396 0.657499313354 0.242312133312 0.0
0.384 0.657499313354 0.301308602095 0.0358742140234
0.437 0.714134693146 0.301308602095 0.0358742140234
----------best one: 
 best 0.526 0.559832513332 0.301308602095 0.0358742140234
