0.391 0.45722386241 0.242312133312 0.147487416863
0.487 0.45722386241 0.301308602095 0.566578090191
0.516 0.45722386241 0.301308602095 0.594877183437
0.541 0.714134693146 0.227215394378 0.566578090191
0.382 0.657499313354 0.513005316257 0.594877183437
0.422 0.322273075581 0.301308602095 0.594877183437
0.482 0.322273075581 0.513005316257 0.594877183437
0.395 0.322273075581 0.513005316257 0.0
0.401 0.657499313354 0.301308602095 0.594877183437
0.522 0.564010024071 0.301308602095 0.0358742140234
0.486 0.45722386241 0.242312133312 0.594877183437
0.470 0.714134693146 0.301308602095 0.185280919075
0.414 0.596716284752 0.242312133312 0.0358742140234
0.450 0.45722386241 0.513005316257 0.594877183437
0.485 0.45722386241 0.513005316257 0.396951973438
0.491 0.657499313354 0.513005316257 0.147487416863
0.413 0.657499313354 0.513005316257 0.594877183437
0.505 0.45722386241 0.301308602095 0.0358742140234
0.468 0.657499313354 0.301308602095 0.566578090191
0.426 0.657499313354 0.242312133312 0.0
0.461 0.45722386241 0.513005316257 0.0
0.485 0.45722386241 0.242312133312 0.0358742140234
0.454 0.45722386241 0.242312133312 0.0358742140234
0.468 0.45722386241 0.301308602095 0.594877183437
0.401 0.45722386241 0.513005316257 0.0
0.514 0.596716284752 0.513005316257 0.0
0.432 0.45722386241 0.301308602095 0.147487416863
0.399 0.45722386241 0.513005316257 0.147487416863
0.488 0.657499313354 0.513005316257 0.0
0.484 0.45722386241 0.513005316257 0.594877183437
0.534 0.45722386241 0.513005316257 0.594877183437
0.517 0.322273075581 0.242312133312 0.0358742140234
0.494 0.45722386241 0.301308602095 0.0358742140234
0.436 0.45722386241 0.301308602095 0.566578090191
0.514 0.657499313354 0.513005316257 0.594877183437
0.371 0.45722386241 0.0 0.265378564596
0.508 0.322273075581 0.301308602095 0.0358742140234
0.478 0.45722386241 0.513005316257 0.594877183437
0.511 0.45722386241 0.242312133312 0.147487416863
0.484 0.45722386241 0.242312133312 0.566578090191
0.483 0.690385043621 0.227215394378 0.0358742140234
0.481 0.657499313354 0.513005316257 0.0
0.512 0.45722386241 0.242312133312 0.566578090191
0.415 0.714134693146 0.227215394378 0.566578090191
0.464 0.45722386241 0.301308602095 0.0358742140234
0.485 0.45722386241 0.513005316257 0.0
0.477 0.45722386241 0.242312133312 0.0358742140234
0.424 0.714134693146 0.301308602095 0.594877183437
0.510 0.657499313354 0.513005316257 0.185280919075
0.401 0.714134693146 0.242312133312 0.147487416863
----------best one: 
 best 0.541 0.714134693146 0.227215394378 0.566578090191
