0.414 0.45722386241 0.513005316257 0.594877183437
0.458 0.660581171513 0.368984937668 0.344916373491
0.205 0.559832513332 0.513005316257 0.594877183437
0.497 0.657499313354 0.301308602095 0.0
0.522 1.0 0.293817549944 0.0
0.434 0.657499313354 0.513005316257 0.566578090191
0.493 0.657499313354 0.513005316257 0.506591320038
0.430 0.714134693146 0.513005316257 0.0358742140234
0.484 0.657499313354 0.301308602095 0.0358742140234
0.323 0.45722386241 0.594386577606 0.0
0.454 0.714134693146 0.513005316257 0.594877183437
0.443 0.657499313354 0.301308602095 0.0358742140234
0.414 0.45722386241 0.513005316257 0.566578090191
0.475 0.657499313354 0.301308602095 0.0358742140234
0.487 0.45722386241 0.301308602095 0.0358742140234
0.449 0.657499313354 0.513005316257 0.0358742140234
0.456 0.657499313354 0.301308602095 0.506591320038
0.516 0.660581171513 0.513005316257 0.566578090191
0.495 0.657499313354 0.513005316257 0.566578090191
0.426 0.657499313354 0.513005316257 0.0358742140234
0.522 0.714134693146 0.301308602095 0.0
0.444 0.657499313354 0.301308602095 0.0358742140234
0.535 0.45722386241 0.109588824213 0.0
0.471 0.45722386241 0.513005316257 0.594877183437
0.501 0.714134693146 0.301308602095 0.0358742140234
0.463 0.45722386241 0.808521449566 0.566578090191
0.458 0.660581171513 0.109588824213 0.0
0.440 1.0 0.109588824213 0.0
0.484 0.45722386241 0.227215394378 0.0358742140234
0.519 0.607823371887 0.513005316257 0.0
0.380 0.559832513332 0.159697070718 0.344916373491
0.513 0.657499313354 0.301308602095 0.0358742140234
0.530 0.714134693146 0.301308602095 0.0358742140234
0.520 0.935396373272 0.301308602095 0.0358742140234
0.513 0.657499313354 0.642874360085 0.0358742140234
0.466 0.45722386241 0.594386577606 0.594877183437
0.489 0.45722386241 0.513005316257 0.0
0.488 0.714134693146 0.301308602095 0.0358742140234
0.494 0.657499313354 0.513005316257 0.566578090191
0.334 0.45722386241 0.808521449566 0.566578090191
0.535 0.45722386241 0.513005316257 0.594877183437
0.479 0.261967033148 0.808521449566 0.566578090191
0.522 0.45722386241 0.513005316257 0.594877183437
0.327 0.657499313354 0.513005316257 0.594877183437
0.449 0.45722386241 0.513005316257 0.566578090191
0.379 0.657499313354 0.513005316257 0.594877183437
0.427 0.45722386241 0.642874360085 0.0358742140234
0.469 0.714134693146 0.513005316257 0.566578090191
0.479 0.45722386241 0.808521449566 0.594877183437
0.491 0.45722386241 0.513005316257 0.566578090191
----------best one: 
 best 0.535 0.45722386241 0.513005316257 0.594877183437
