0.518 0.794632911682 0.513005316257 0.566578090191
0.438 0.45722386241 0.513005316257 0.566578090191
0.473 0.794632911682 0.642874360085 0.594877183437
0.504 0.45722386241 0.634009301662 0.755349099636
0.452 0.714134693146 0.642874360085 0.567484080791
0.486 0.45722386241 0.634009301662 0.567484080791
0.482 0.45722386241 0.63501560688 0.594877183437
0.485 0.714134693146 0.705534160137 0.594877183437
0.516 0.45722386241 0.642874360085 0.0358742140234
0.326 0.45722386241 0.513005316257 0.0358742140234
0.416 0.45722386241 0.513005316257 0.0358742140234
0.417 0.45722386241 0.642874360085 0.594877183437
0.471 1.0 0.513005316257 0.0358742140234
0.513 0.45722386241 0.808521449566 0.755349099636
0.498 0.45722386241 0.642874360085 0.566578090191
0.370 0.45722386241 0.642874360085 0.755349099636
0.417 0.657499313354 0.468120247126 0.567484080791
0.432 0.45722386241 0.642874360085 0.0358742140234
0.515 0.45722386241 0.808521449566 0.755349099636
0.505 0.45722386241 0.642874360085 0.566578090191
0.465 0.45722386241 0.227215394378 0.0358742140234
0.524 0.45722386241 0.219452723861 0.0358742140234
0.473 0.45722386241 0.808521449566 0.755349099636
0.474 0.45722386241 0.513005316257 0.566578090191
0.459 0.261967033148 0.437247663736 0.0
0.465 0.45722386241 0.634009301662 0.755349099636
0.502 0.45722386241 0.634009301662 0.594877183437
0.499 0.45722386241 0.301308602095 0.566578090191
0.413 0.45722386241 0.642874360085 0.566578090191
0.403 0.45722386241 0.808521449566 0.567484080791
0.422 0.45722386241 0.63501560688 0.755349099636
0.517 0.261967033148 0.733257114887 0.0358742140234
0.426 0.261967033148 0.437247663736 0.0358742140234
0.491 0.45722386241 0.642874360085 0.755349099636
0.515 0.45722386241 0.634009301662 0.755349099636
0.434 0.45722386241 0.513005316257 0.566578090191
0.469 0.45722386241 0.808521449566 0.567484080791
0.506 0.45722386241 0.642874360085 0.755349099636
0.473 0.45722386241 0.634009301662 0.0
0.456 0.45722386241 0.63501560688 0.755349099636
0.455 0.45722386241 0.63501560688 0.594877183437
0.518 0.45722386241 0.642874360085 0.755349099636
0.524 1.0 0.808521449566 0.755349099636
0.481 0.45722386241 0.642874360085 0.0358742140234
0.510 0.45722386241 0.513005316257 0.0
0.382 0.787296950817 0.513005316257 0.566578090191
0.482 0.45722386241 0.642874360085 0.566578090191
0.520 0.45722386241 0.642874360085 0.0358742140234
0.369 0.45722386241 0.513005316257 0.566578090191
0.494 0.45722386241 0.642874360085 0.567484080791
----------best one: 
 best 0.524 0.45722386241 0.219452723861 0.0358742140234
