0.478 0.45722386241 0.808521449566 0.594877183437
0.440 0.657499313354 0.301308602095 0.0358742140234
0.528 0.261967033148 0.513005316257 0.594877183437
0.368 0.45722386241 0.642874360085 0.566578090191
0.490 0.45722386241 0.437247663736 0.0
0.436 0.714134693146 0.642874360085 0.755349099636
0.553 0.794632911682 0.513005316257 0.566578090191
0.439 0.45722386241 0.513005316257 0.594877183437
0.507 0.657499313354 0.301308602095 0.567484080791
0.474 0.261967033148 0.513005316257 0.594877183437
0.483 0.45722386241 0.642874360085 0.566578090191
0.398 0.714134693146 0.705534160137 0.594877183437
0.427 0.657499313354 0.513005316257 0.566578090191
0.523 1.0 0.513005316257 0.566578090191
0.404 0.45722386241 0.642874360085 0.594877183437
0.514 0.45722386241 0.227215394378 0.755349099636
0.490 0.488305300474 0.642874360085 0.0358742140234
0.527 0.45722386241 0.634009301662 0.567484080791
0.482 0.45722386241 0.63501560688 0.594877183437
0.508 0.261967033148 0.437247663736 0.567484080791
0.411 0.45722386241 0.728018820286 0.838441371918
0.491 0.45722386241 0.513005316257 0.0358742140234
0.371 0.657499313354 0.634009301662 0.567484080791
0.475 0.794632911682 0.642874360085 0.566578090191
0.417 0.45722386241 0.642874360085 0.755349099636
0.448 0.0 0.513005316257 0.566578090191
0.450 0.657499313354 0.63501560688 0.594877183437
0.406 0.45722386241 0.513005316257 0.566578090191
0.501 0.45722386241 0.642874360085 0.0358742140234
0.475 0.45722386241 0.63501560688 0.567484080791
0.452 0.45722386241 0.634009301662 0.594877183437
0.432 0.45722386241 0.642874360085 0.567484080791
0.482 0.45722386241 0.289450615644 0.0358742140234
0.437 0.45722386241 0.642874360085 0.755349099636
0.442 0.45722386241 0.227215394378 0.0358742140234
0.345 0.45722386241 0.289450615644 0.755349099636
0.397 0.45722386241 0.642874360085 0.0358742140234
0.513 0.45722386241 0.513005316257 0.594877183437
0.495 0.261967033148 0.437247663736 0.566578090191
0.361 0.657499313354 0.468120247126 0.567484080791
0.465 0.45722386241 0.634009301662 0.567484080791
0.497 1.0 0.513005316257 0.594877183437
0.487 0.45722386241 0.808521449566 0.566578090191
0.470 0.45722386241 0.227215394378 0.566578090191
0.461 0.261967033148 0.437247663736 0.0358742140234
0.485 0.0 0.513005316257 0.567484080791
0.447 0.45722386241 0.301308602095 0.566578090191
0.416 1.0 0.642874360085 0.755349099636
0.454 0.45722386241 0.513005316257 0.566578090191
0.388 0.657499313354 0.513005316257 0.566578090191
----------best one: 
 best 0.553 0.794632911682 0.513005316257 0.566578090191
