0.472 0.45722386241 0.513005316257 0.594877183437
0.376 0.714134693146 0.513005316257 0.594877183437
0.451 0.45722386241 0.808521449566 0.566578090191
0.501 0.45722386241 0.109588824213 0.0
0.504 1.0 0.301308602095 0.0358742140234
0.526 0.45722386241 0.227215394378 0.0358742140234
0.440 0.45722386241 0.513005316257 0.594877183437
0.486 0.261967033148 0.808521449566 0.594877183437
0.398 0.45722386241 0.808521449566 0.566578090191
0.487 0.45722386241 0.808521449566 0.566578090191
0.483 0.45722386241 0.513005316257 0.566578090191
0.470 0.657499313354 0.301308602095 0.0358742140234
0.467 0.714134693146 0.642874360085 0.0358742140234
0.465 0.714134693146 0.513005316257 0.594877183437
0.523 0.45722386241 0.642874360085 0.0358742140234
0.482 0.660581171513 0.513005316257 0.594877183437
0.506 0.714134693146 0.513005316257 0.566578090191
0.495 0.657499313354 0.513005316257 0.566578090191
0.466 0.45722386241 0.808521449566 0.566578090191
0.501 0.45722386241 0.513005316257 0.566578090191
0.387 0.714134693146 0.513005316257 0.566578090191
0.405 0.45722386241 0.513005316257 0.594877183437
0.489 0.714134693146 0.301308602095 0.0358742140234
0.445 0.657499313354 0.513005316257 0.594877183437
0.435 0.657499313354 0.513005316257 0.594877183437
0.466 0.45722386241 0.808521449566 0.613239705563
0.456 0.261967033148 0.813700973988 0.0358742140234
0.467 0.657499313354 0.513005316257 0.714914560318
0.516 0.657499313354 0.301308602095 0.0358742140234
0.466 0.45722386241 0.642874360085 0.594877183437
0.421 0.714134693146 0.513005316257 0.0358742140234
0.515 0.45722386241 0.642874360085 0.567484080791
0.512 0.657499313354 0.513005316257 0.594877183437
0.480 0.714134693146 0.301308602095 0.0358742140234
0.502 0.657499313354 0.301308602095 0.0358742140234
0.483 0.45722386241 0.642874360085 0.567484080791
0.521 0.45722386241 0.642874360085 0.0358742140234
0.383 0.45722386241 0.513005316257 0.594877183437
0.360 0.45722386241 0.642874360085 0.567484080791
0.505 0.45722386241 0.513005316257 0.566578090191
0.496 0.45722386241 0.513005316257 0.594877183437
0.472 0.45722386241 0.642874360085 0.566578090191
0.448 0.45722386241 0.808521449566 0.567484080791
0.388 0.714134693146 0.642874360085 0.567484080791
0.484 0.45722386241 0.513005316257 0.0358742140234
0.516 0.45722386241 0.513005316257 0.594877183437
0.496 0.45722386241 0.808521449566 0.594877183437
0.466 0.45722386241 0.513005316257 0.566578090191
0.476 0.45722386241 0.513005316257 0.566578090191
0.518 0.45722386241 0.446854203939 0.594877183437
----------best one: 
 best 0.526 0.45722386241 0.227215394378 0.0358742140234
