0.524 0.45722386241 0.227215394378 0.0358742140234
0.452 0.45722386241 0.808521449566 0.594877183437
0.438 0.45722386241 0.642874360085 0.567484080791
0.491 0.714134693146 0.301308602095 0.567484080791
0.401 0.45722386241 0.808521449566 0.0358742140234
0.500 0.261967033148 0.301308602095 0.0358742140234
0.359 0.714134693146 0.808521449566 0.594877183437
0.471 0.714134693146 0.642874360085 0.567484080791
0.515 0.45722386241 0.301308602095 0.567484080791
0.470 0.45722386241 0.642874360085 0.566578090191
0.528 0.45722386241 0.808521449566 0.566578090191
0.449 0.45722386241 0.808521449566 0.594877183437
0.501 0.714134693146 0.405830860138 0.594877183437
0.473 0.657499313354 0.513005316257 0.0358742140234
0.456 0.657499313354 0.301308602095 0.566578090191
0.488 0.657499313354 0.513005316257 0.594877183437
0.409 0.45722386241 0.513005316257 0.594877183437
0.469 0.45722386241 0.63501560688 0.594877183437
0.498 0.45722386241 0.513005316257 0.567484080791
0.456 0.261967033148 0.642874360085 0.566578090191
0.477 0.45722386241 0.301308602095 0.0358742140234
0.534 0.45722386241 0.808521449566 0.594877183437
0.457 0.45722386241 0.673998653889 0.594877183437
0.521 0.45722386241 0.642874360085 0.567484080791
0.484 0.45722386241 0.513005316257 0.566578090191
0.479 0.45722386241 0.642874360085 0.0434968620539
0.425 0.657499313354 0.301308602095 0.567484080791
0.472 0.45722386241 0.634009301662 0.567484080791
0.477 0.45722386241 0.301308602095 0.567484080791
0.457 0.45722386241 0.301308602095 0.567484080791
0.368 0.714134693146 0.642874360085 0.566578090191
0.438 0.45722386241 0.227215394378 0.0358742140234
0.473 0.45722386241 0.437247663736 0.567484080791
0.455 0.45722386241 0.642874360085 0.594877183437
0.501 0.45722386241 0.04652903229 0.567484080791
0.474 0.794632911682 0.642874360085 0.755349099636
0.434 0.714134693146 0.513005316257 0.566578090191
0.440 0.45722386241 0.818542659283 0.594877183437
0.447 0.657499313354 0.513005316257 0.0358742140234
0.486 0.45722386241 0.437247663736 0.567484080791
0.490 0.45722386241 0.63501560688 0.594877183437
0.497 0.45722386241 0.437247663736 0.566578090191
0.491 0.45722386241 0.808521449566 0.567484080791
0.464 0.45722386241 0.227215394378 0.0358742140234
0.502 0.45722386241 0.642874360085 0.594877183437
0.521 0.45722386241 0.301308602095 0.567484080791
0.419 0.45722386241 0.437247663736 0.567484080791
0.519 0.45722386241 0.634009301662 0.567484080791
0.495 0.45722386241 0.301308602095 0.567484080791
0.491 0.45722386241 0.634009301662 0.566578090191
----------best one: 
 best 0.534 0.45722386241 0.808521449566 0.594877183437
