0.515 0.398276656866 0.403810799122 0.431790024042
0.303 0.495751470327 1.0 0.633819878101
0.387 0.140746161342 0.0 0.142293080688
0.452 0.644895493984 0.191235944629 0.952636599541
0.470 0.842172920704 0.656470239162 0.702340602875
0.487 0.649071991444 0.0 0.142293080688
0.490 0.140746161342 0.722958981991 0.262177616358
0.467 0.766796886921 0.102060601115 0.521791279316
0.518 0.224532201886 0.189733803272 0.594877183437
0.457 0.155366063118 0.300249069929 0.433046340942
0.464 0.57770627737 0.960968077183 0.0221184045076
0.470 0.041297737509 0.04843448475 0.906311392784
0.491 0.185170903802 0.689341187477 0.533515274525
0.424 0.924949467182 0.336449921131 0.142293080688
0.462 0.649071991444 0.0 0.483309477568
0.489 0.842172920704 0.656470239162 0.42171561718
0.465 0.644895493984 0.191235944629 0.952636599541
0.258 0.0626358985901 0.374952286482 0.905238032341
0.442 0.154088243842 0.478071033955 0.382581830025
0.506 0.185170903802 0.689341187477 0.633819878101
0.442 0.495751470327 1.0 0.336769610643
0.513 0.718386054039 0.15247155726 0.633819878101
0.480 0.185170903802 0.689341187477 0.197666570544
0.491 0.491163820028 0.71829020977 0.878017008305
0.422 0.596716284752 0.979477524757 0.957190513611
0.199 0.914247214794 0.74604177475 0.336769610643
0.334 0.495751470327 1.0 0.290194600821
0.466 0.930681586266 0.783038675785 0.74755692482
0.493 0.387486159801 0.114777758718 0.934462547302
0.385 0.649071991444 0.620200693607 0.546073019505
0.521 0.515253126621 0.0 0.483309477568
0.480 0.428183734417 0.189733803272 0.594877183437
0.537 0.224532201886 0.301308602095 0.0584381856024
0.513 0.224532201886 0.403810799122 0.431790024042
0.465 0.398276656866 0.301308602095 0.0584381856024
0.500 0.185170903802 0.689341187477 0.197666570544
0.510 0.185170903802 0.64800465107 0.633819878101
0.413 0.596716284752 0.979477524757 0.594877183437
0.507 0.428183734417 0.189733803272 0.957190513611
0.538 1.0 0.15247155726 0.594877183437
0.451 0.596716284752 0.837870657444 0.197666570544
0.504 0.930681586266 0.783038675785 0.702340602875
0.497 0.842172920704 0.656470239162 0.74755692482
0.492 0.930681586266 1.0 0.633819878101
0.255 0.495751470327 0.783038675785 0.74755692482
0.513 0.718386054039 0.102060601115 0.521791279316
0.426 0.766796886921 0.15247155726 0.633819878101
0.464 0.224532201886 0.189733803272 0.594877183437
0.391 0.596716284752 0.979477524757 0.594877183437
0.497 0.224532201886 1.0 0.633819878101
----------best one: 
 best 0.538 1.0 0.15247155726 0.594877183437
