0.404 0.45722386241 0.219452723861 0.0358742140234
0.496 0.45722386241 0.62750774622 0.0358742140234
0.483 0.45722386241 0.642874360085 0.755349099636
0.419 0.714134693146 0.808521449566 0.755349099636
0.516 1.0 0.705534160137 0.594877183437
0.470 0.45722386241 0.642874360085 0.755349099636
0.516 0.45722386241 0.219452723861 0.0358742140234
0.491 0.45722386241 0.642874360085 0.0358742140234
0.472 0.45722386241 0.642874360085 0.0358742140234
0.484 0.45722386241 0.564615488052 0.0358742140234
0.482 0.45722386241 0.642874360085 0.566578090191
0.520 0.45722386241 0.733257114887 0.0358742140234
