0.452 1.0 0.15247155726 0.594877183437
0.462 0.495751470327 1.0 0.533515274525
0.460 0.185170903802 0.689341187477 0.336769610643
0.517 0.718386054039 0.102060601115 0.735361456871
0.512 0.495751470327 0.783038675785 0.521791279316
0.508 0.930681586266 1.0 0.957190513611
0.519 0.428183734417 0.189733803272 0.633819878101
0.410 0.185170903802 0.689341187477 0.74755692482
0.445 0.930681586266 0.783038675785 0.197666570544
0.456 0.596716284752 1.0 0.290194600821
0.510 0.495751470327 0.979477524757 0.957190513611
0.511 1.0 0.979477524757 0.957190513611
0.480 0.495751470327 0.15247155726 0.594877183437
0.494 0.185170903802 0.102060601115 0.735361456871
0.446 0.739242255688 0.689341187477 0.74755692482
0.485 0.185170903802 0.478071033955 0.382581830025
0.494 0.154088243842 0.689341187477 0.633819878101
0.454 1.0 0.15247155726 0.594877183437
0.493 1.0 0.15247155726 0.594877183437
0.444 0.185170903802 0.301308602095 0.0584381856024
0.501 0.398276656866 0.64800465107 0.633819878101
0.484 0.185170903802 0.301308602095 0.0584381856024
0.495 0.495751470327 0.979477524757 0.957190513611
0.492 0.224532201886 1.0 0.594877183437
0.489 1.0 0.513005316257 0.633819878101
0.484 0.596716284752 0.15247155726 0.594877183437
0.506 1.0 0.979477524757 0.594877183437
0.461 0.515253126621 0.301308602095 0.0584381856024
0.486 0.185170903802 0.0 0.483309477568
0.516 1.0 0.783038675785 0.197666570544
0.486 0.718386054039 0.102060601115 0.735361456871
0.357 0.224532201886 0.979477524757 0.594877183437
0.503 0.596716284752 0.301308602095 0.0584381856024
0.351 0.596716284752 1.0 0.633819878101
0.496 0.930681586266 0.837870657444 0.197666570544
0.437 0.739242255688 0.689341187477 0.594877183437
0.446 1.0 0.15247155726 0.74755692482
0.510 0.930681586266 1.0 0.594877183437
0.454 1.0 0.864995658398 0.957190513611
0.420 0.930681586266 0.15247155726 0.74755692482
0.482 1.0 1.0 0.957190513611
0.483 0.930681586266 0.15247155726 0.957190513611
0.222 0.930681586266 1.0 0.74755692482
0.529 1.0 0.864995658398 0.594877183437
0.529 0.930681586266 1.0 0.957190513611
0.505 0.495751470327 0.86177957058 0.594877183437
0.504 1.0 0.15247155726 0.957190513611
0.485 0.596716284752 0.979477524757 0.957190513611
0.510 0.495751470327 0.301308602095 0.0584381856024
0.469 0.185170903802 0.979477524757 0.594877183437
----------best one: 
 best 0.529 1.0 0.864995658398 0.594877183437
