0.472 1.0 0.864995658398 0.594877183437
0.489 0.930681586266 0.15247155726 0.0584381856024
0.457 0.596716284752 0.301308602095 0.957190513611
0.496 1.0 0.864995658398 0.594877183437
0.506 1.0 0.864995658398 0.594877183437
0.504 0.596716284752 0.979477524757 0.957190513611
0.473 1.0 1.0 0.957190513611
0.486 1.0 0.979477524757 0.957190513611
0.510 1.0 1.0 0.957190513611
0.359 1.0 0.864995658398 0.594877183437
0.492 0.495751470327 0.86177957058 0.594877183437
0.460 1.0 0.15247155726 0.0584381856024
0.452 0.515253126621 0.301308602095 0.594877183437
0.469 1.0 0.301308602095 0.0584381856024
0.410 0.596716284752 0.513005316257 0.633819878101
0.464 0.185170903802 0.0 0.594877183437
0.474 1.0 0.864995658398 0.483309477568
0.499 0.930681586266 0.86177957058 0.594877183437
0.431 0.495751470327 0.15247155726 0.74755692482
0.482 1.0 0.783038675785 0.6242390275
0.507 0.930681586266 0.15247155726 0.197666570544
0.515 0.495751470327 0.979477524757 0.0584381856024
0.475 0.515253126621 0.301308602095 0.957190513611
0.494 0.515253126621 0.301308602095 0.0584381856024
0.469 0.596716284752 0.301308602095 0.0
0.489 0.185170903802 0.979477524757 0.957190513611
0.517 1.0 0.979477524757 0.594877183437
0.484 1.0 1.0 0.74755692482
0.492 0.930681586266 0.301308602095 0.300171732903
0.513 0.930681586266 0.864995658398 0.594877183437
0.475 1.0 0.15247155726 0.957190513611
0.378 0.495751470327 0.979477524757 0.0584381856024
0.501 0.516356706619 0.513005316257 0.633819878101
0.485 0.930681586266 0.864995658398 0.470641076565
0.503 0.596716284752 0.301308602095 0.0
0.401 0.596716284752 0.864995658398 0.594877183437
0.400 1.0 0.979477524757 0.957190513611
0.505 0.930681586266 0.86177957058 0.957190513611
0.497 0.596716284752 0.301308602095 0.594877183437
0.453 0.515253126621 0.301308602095 0.957190513611
0.524 0.928934454918 0.864995658398 0.594877183437
0.384 0.515253126621 0.270611971617 0.594877183437
0.511 0.930681586266 0.864995658398 1.0
0.471 1.0 1.0 0.977825880051
0.418 1.0 1.0 0.74755692482
0.481 0.516356706619 0.979477524757 0.594877183437
0.510 0.185170903802 0.513005316257 0.633819878101
0.498 0.930681586266 0.864995658398 0.0
0.373 0.596716284752 0.301308602095 0.594877183437
0.503 0.596716284752 0.301308602095 0.0584381856024
----------best one: 
 best 0.524 0.928934454918 0.864995658398 0.594877183437
