0.486 0.928934454918 0.864995658398 0.594877183437
0.476 1.0 0.864995658398 0.957190513611
0.475 0.741033136845 0.301308602095 0.594877183437
0.470 1.0 1.0 0.633819878101
0.518 0.596716284752 0.513005316257 0.74755692482
0.518 0.596716284752 0.864995658398 0.470641076565
0.473 0.930681586266 0.301308602095 0.0
0.504 1.0 0.301308602095 0.594877183437
0.462 0.741033136845 1.0 0.74755692482
0.489 1.0 0.864995658398 0.0
0.467 0.930681586266 0.979477524757 0.594877183437
0.477 0.596716284752 0.864995658398 0.957190513611
0.460 1.0 0.15247155726 0.470641076565
0.502 0.596716284752 0.86177957058 0.594877183437
0.491 0.930681586266 0.864995658398 0.957190513611
0.495 0.515253126621 0.301308602095 0.594877183437
0.492 0.596716284752 0.301308602095 0.957190513611
0.512 0.596716284752 0.301308602095 0.0
0.491 1.0 0.301308602095 0.594877183437
0.464 0.596716284752 0.513005316257 0.977825880051
0.446 1.0 1.0 0.74755692482
0.366 1.0 0.979477524757 0.594877183437
0.510 1.0 1.0 0.633819878101
0.416 0.928934454918 0.864995658398 0.957190513611
0.479 0.930681586266 0.864995658398 0.594877183437
0.512 1.0 1.0 0.633819878101
0.415 1.0 0.301308602095 0.594877183437
0.432 0.596716284752 0.864995658398 0.0
0.448 0.930681586266 0.301308602095 0.594877183437
0.488 0.596716284752 0.301308602095 0.0584381856024
0.456 0.930681586266 0.864995658398 1.0
0.513 0.596716284752 0.301308602095 0.0584381856024
0.479 1.0 0.301308602095 0.594877183437
0.489 0.596716284752 0.513005316257 0.977825880051
0.495 1.0 1.0 0.977825880051
0.458 1.0 1.0 0.74755692482
0.471 0.741033136845 0.301308602095 0.594877183437
0.442 0.596716284752 0.301308602095 0.0
0.411 0.930681586266 0.301308602095 0.0584381856024
0.512 0.928934454918 0.864995658398 0.957190513611
0.470 0.596716284752 0.301308602095 0.957190513611
0.456 0.596716284752 0.301308602095 0.957190513611
0.509 0.596716284752 0.301308602095 0.957190513611
0.493 0.930681586266 0.301308602095 0.0
0.485 0.596716284752 0.864995658398 0.0
0.240 0.596716284752 0.301308602095 0.957190513611
0.466 1.0 0.864995658398 0.594877183437
0.451 0.596716284752 0.301308602095 0.957190513611
0.484 0.596716284752 0.301308602095 0.0
0.539 0.596716284752 0.86177957058 0.594877183437
----------best one: 
 best 0.539 0.596716284752 0.86177957058 0.594877183437
