0.524 0.596716284752 0.86177957058 0.594877183437
0.509 0.596716284752 0.301308602095 0.0
0.372 0.596716284752 0.86177957058 0.594877183437
0.479 0.596716284752 0.513005316257 0.0
0.490 0.596716284752 0.170538246632 0.977825880051
0.510 0.596716284752 0.170538246632 0.957190513611
0.463 0.596716284752 0.301308602095 0.977825880051
0.516 1.0 1.0 0.594877183437
0.422 0.930681586266 0.301308602095 0.74755692482
0.500 0.928934454918 0.170538246632 0.957190513611
0.509 0.596716284752 0.864995658398 0.957190513611
0.464 0.596716284752 0.301308602095 0.957190513611
0.380 0.596716284752 0.864995658398 0.0
0.495 0.681321382523 0.301308602095 0.74755692482
0.483 0.930681586266 0.301308602095 0.74755692482
0.497 0.596716284752 0.301308602095 0.977825880051
0.473 0.596716284752 0.513005316257 0.957190513611
0.457 0.596716284752 0.864995658398 0.474320471287
0.450 1.0 0.301308602095 0.957190513611
0.487 0.596716284752 0.513005316257 0.957190513611
0.518 0.596716284752 0.301308602095 0.0
0.407 1.0 1.0 0.594877183437
0.481 0.930681586266 0.301308602095 0.74755692482
0.460 0.596716284752 0.301308602095 0.957190513611
0.345 0.928934454918 0.864995658398 0.957190513611
0.448 0.681321382523 0.513005316257 0.977825880051
0.508 0.596716284752 0.301308602095 0.74755692482
0.452 0.681321382523 0.513005316257 0.0584381856024
0.463 0.70538854599 0.301308602095 0.977825880051
0.490 0.596716284752 0.301308602095 0.0
0.481 0.596716284752 0.301308602095 0.0584381856024
0.460 0.596716284752 0.301308602095 0.594877183437
0.492 1.0 1.0 0.977825880051
0.467 1.0 1.0 0.474320471287
0.478 0.596716284752 0.864995658398 0.74755692482
0.490 0.596716284752 0.301308602095 0.594877183437
0.432 0.596716284752 0.513005316257 0.957190513611
0.458 0.596716284752 0.301308602095 0.0
0.423 0.930681586266 0.86177957058 0.594877183437
0.439 0.596716284752 0.864995658398 0.957190513611
0.494 0.596716284752 0.301308602095 0.957190513611
0.208 0.930681586266 0.301308602095 0.957190513611
0.431 0.596716284752 0.513005316257 0.74755692482
0.496 0.596716284752 0.513005316257 0.957190513611
0.515 0.596716284752 0.301308602095 0.594877183437
0.478 0.596716284752 0.301308602095 0.0
0.478 0.898186504841 0.86177957058 0.594877183437
0.486 0.596716284752 0.301308602095 0.74755692482
0.488 0.930681586266 0.513005316257 0.957190513611
0.502 0.596716284752 0.86177957058 0.594877183437
----------best one: 
 best 0.524 0.596716284752 0.86177957058 0.594877183437
