0.470 0.596716284752 0.86177957058 0.594877183437
0.432 0.596716284752 0.513005316257 0.957190513611
0.325 0.596716284752 0.0 0.977825880051
0.478 0.596716284752 0.301308602095 0.594877183437
0.471 0.596716284752 0.513005316257 0.957190513611
0.443 0.930681586266 0.301308602095 0.74755692482
0.485 0.930681586266 0.301308602095 0.74755692482
0.466 0.596716284752 0.513005316257 0.957190513611
0.431 0.928934454918 0.170538246632 0.957190513611
0.466 0.596716284752 0.86177957058 0.594877183437
0.438 0.596716284752 0.513005316257 0.957190513611
0.425 0.596716284752 0.513005316257 0.0584381856024
0.516 0.681321382523 0.301308602095 0.957190513611
0.498 0.596716284752 0.301308602095 0.0
0.447 0.596716284752 0.301308602095 0.0
0.488 0.596716284752 0.86177957058 0.594877183437
0.515 0.596716284752 0.301308602095 0.0
0.489 0.596716284752 0.86177957058 0.594877183437
0.351 0.596716284752 0.301308602095 0.0929757282138
0.516 0.930681586266 0.513005316257 0.957190513611
0.470 0.681321382523 0.301308602095 0.957190513611
0.419 0.596716284752 0.301308602095 0.0
0.517 0.596716284752 0.864995658398 0.957190513611
0.412 0.596716284752 0.301308602095 0.0
0.319 0.596716284752 0.301308602095 0.0
0.456 0.596716284752 0.864995658398 0.957190513611
0.422 0.596716284752 0.513005316257 0.957190513611
0.480 0.930681586266 0.86177957058 0.594877183437
0.424 0.898186504841 0.301308602095 0.74755692482
0.514 0.596716284752 0.301308602095 0.957190513611
0.364 0.681321382523 0.301308602095 0.0
0.492 0.930681586266 0.301308602095 0.594877183437
0.524 0.596716284752 0.86177957058 0.74755692482
0.463 0.596716284752 0.301308602095 0.74755692482
0.502 0.596716284752 0.301308602095 0.0
0.480 0.596716284752 0.86177957058 0.594877183437
0.481 0.930681586266 0.301308602095 0.0
0.509 0.596716284752 0.301308602095 0.0
0.450 0.596716284752 0.301308602095 0.0
0.296 0.596716284752 0.301308602095 0.594877183437
0.511 0.596716284752 0.86177957058 0.594877183437
0.491 0.596716284752 0.301308602095 0.74755692482
0.536 0.596716284752 0.513005316257 0.0
0.409 0.930681586266 0.301308602095 0.957190513611
0.453 0.596716284752 0.301308602095 0.74755692482
0.448 0.596716284752 0.513005316257 0.0
0.466 0.596716284752 0.301308602095 0.957190513611
0.400 0.930681586266 0.301308602095 0.0
0.487 0.898186504841 0.301308602095 0.74755692482
0.497 0.596716284752 0.672899186611 0.957190513611
----------best one: 
 best 0.536 0.596716284752 0.513005316257 0.0
