0.461 0.596716284752 0.513005316257 0.0
0.438 0.596716284752 0.301308602095 0.0
0.453 0.596716284752 0.301308602095 0.0
0.451 0.596716284752 0.513005316257 0.0
0.471 0.930681586266 0.301308602095 0.0
0.496 0.596716284752 0.86177957058 0.594877183437
0.480 0.596716284752 0.86177957058 0.594877183437
0.505 0.596716284752 0.513005316257 0.0929757282138
0.427 0.596716284752 0.301308602095 0.0
0.475 0.399118542671 0.864995658398 0.957190513611
0.376 0.930681586266 0.301308602095 0.957190513611
0.468 0.596716284752 0.301308602095 0.74755692482
0.499 0.898186504841 0.301308602095 0.74755692482
0.475 0.930681586266 0.301308602095 0.0
0.493 0.596716284752 0.301308602095 0.594877183437
0.514 0.596716284752 0.86177957058 0.594877183437
0.523 0.596716284752 0.513005316257 0.0
0.451 0.596716284752 0.301308602095 0.0
0.477 0.596716284752 0.301308602095 0.594877183437
0.449 0.596716284752 0.513005316257 0.0
0.332 0.596716284752 0.301308602095 0.0
0.487 0.596716284752 0.301308602095 0.0
0.448 0.930681586266 0.301308602095 0.147487416863
0.504 0.596716284752 0.864995658398 0.957190513611
0.437 0.399118542671 0.513005316257 0.0
0.473 0.930681586266 0.301308602095 0.0
0.479 0.930681586266 0.301308602095 0.957190513611
0.489 0.930681586266 0.301308602095 0.147487416863
0.515 0.242071941495 0.864995658398 0.957190513611
0.510 0.596716284752 0.301308602095 0.74755692482
0.417 0.596716284752 0.301308602095 0.0
0.512 0.898186504841 0.301308602095 0.594877183437
0.484 0.399264723063 0.86177957058 0.74755692482
0.481 0.596716284752 0.301308602095 0.594877183437
0.496 0.596716284752 0.301308602095 0.594877183437
0.524 0.596716284752 0.301308602095 0.594877183437
0.519 0.596716284752 0.301308602095 0.594877183437
0.409 0.596716284752 0.86177957058 0.594877183437
0.459 0.596716284752 0.301308602095 0.594877183437
0.424 0.930681586266 0.65731960535 0.957190513611
0.491 0.930681586266 0.301308602095 0.957190513611
0.488 0.930681586266 0.301308602095 0.0
0.486 0.930681586266 0.301308602095 0.147487416863
0.488 0.930681586266 0.864995658398 0.957190513611
0.521 0.242071941495 0.301308602095 0.147487416863
0.521 0.242071941495 0.301308602095 0.0
0.402 0.930681586266 0.301308602095 0.147487416863
0.400 0.930681586266 0.301308602095 0.594877183437
0.382 0.596716284752 0.301308602095 0.0
0.459 0.930681586266 0.301308602095 0.957190513611
----------best one: 
 best 0.524 0.596716284752 0.301308602095 0.594877183437
