0.456 0.596716284752 0.301308602095 0.594877183437
0.456 0.596716284752 0.513005316257 0.957190513611
0.453 0.673650383949 0.65731960535 0.0929757282138
0.462 0.596716284752 0.150860548019 0.0
0.442 0.930681586266 0.753273844719 0.957190513611
0.497 0.930681586266 0.301308602095 0.957190513611
0.443 0.930681586266 0.301308602095 0.0
0.491 0.596716284752 0.301308602095 0.0
0.319 0.596716284752 0.513005316257 0.0929757282138
0.481 0.596716284752 0.301308602095 0.957190513611
0.486 0.930681586266 0.86177957058 0.594877183437
0.463 0.596716284752 0.301308602095 0.74755692482
0.460 0.596716284752 0.301308602095 0.594877183437
0.329 0.242071941495 0.301308602095 0.0
0.358 0.930681586266 0.301308602095 0.0
0.512 0.596716284752 0.864995658398 0.147487416863
0.445 0.242071941495 0.242312133312 0.957190513611
0.482 0.596716284752 0.513005316257 0.957190513611
0.508 0.596716284752 0.60478079319 0.0929757282138
0.450 0.596716284752 0.301308602095 0.957190513611
0.493 0.596716284752 0.864995658398 0.594877183437
0.433 0.930681586266 0.301308602095 0.664319038391
0.526 0.399264723063 0.86177957058 0.74755692482
0.495 0.930681586266 0.65731960535 0.0
0.381 0.930681586266 0.301308602095 0.957190513611
0.496 0.596716284752 0.301308602095 0.147487416863
0.327 0.930681586266 0.890151441097 0.594877183437
0.485 0.596716284752 0.65731960535 0.0929757282138
0.487 0.673650383949 0.301308602095 0.74755692482
0.449 0.930681586266 0.301308602095 0.594877183437
0.425 0.45722386241 0.301308602095 0.594877183437
0.454 0.596716284752 0.65731960535 0.957190513611
0.511 1.0 0.65731960535 0.0929757282138
0.458 0.596716284752 0.86177957058 0.957190513611
0.458 0.242071941495 0.242312133312 0.594877183437
0.428 0.930681586266 0.301308602095 0.594877183437
0.443 0.596716284752 0.301308602095 0.147487416863
0.499 0.596716284752 0.301308602095 0.594877183437
0.454 0.930681586266 0.513005316257 0.957190513611
0.468 0.242071941495 0.301308602095 0.0929757282138
0.435 0.596716284752 0.513005316257 0.0
0.478 0.596716284752 0.301308602095 0.0
0.492 0.596716284752 0.301308602095 0.594877183437
0.498 0.714134693146 0.513005316257 0.0929757282138
0.515 0.596716284752 0.86177957058 0.594877183437
0.340 0.596716284752 0.864995658398 0.0832746848464
0.414 1.0 0.65731960535 0.147487416863
0.448 0.45722386241 0.301308602095 0.594877183437
0.477 0.45722386241 0.301308602095 0.594877183437
0.397 0.596716284752 0.301308602095 0.957190513611
----------best one: 
 best 0.526 0.399264723063 0.86177957058 0.74755692482
