0.0 0.000000 0.371351927519 0.484437346458 0.659359097481
1.0 0.000000 0.371351927519 0.484437346458 0.659359097481
2.0 0.000000 0.371351927519 0.484437346458 0.659359097481
3.0 0.000000 0.371351927519 0.484437346458 0.659359097481
0.0 0.000000 0.0378478169441 0.667670428753 0.745248734951
1.0 0.000000 0.0378478169441 0.667670428753 0.745248734951
2.0 0.000000 0.0378478169441 0.667670428753 0.745248734951
3.0 0.000000 0.0378478169441 0.667670428753 0.745248734951
0.0 0.000000 0.408727049828 0.529873788357 0.52351641655
1.0 0.000000 0.408727049828 0.529873788357 0.52351641655
0.0 0.000000 0.341603159904 0.272912561893 0.920735776424
1.0 0.000000 0.341603159904 0.272912561893 0.920735776424
0.0 0.000000 0.487835347652 0.53942656517 0.80173844099
1.0 0.000000 0.487835347652 0.53942656517 0.80173844099
2.0 0.000000 0.487835347652 0.53942656517 0.80173844099
3.0 0.000000 0.487835347652 0.53942656517 0.80173844099
4.0 0.000000 0.487835347652 0.53942656517 0.80173844099
0.0 0.000000 0.442467838526 0.567692637444 0.0629231333733
1.0 0.024503 0.886857151985 0.453109025955 0.21416683495
0.0 0.000000 0.242852702737 0.734782874584 0.504766285419
1.0 0.000000 0.242852702737 0.734782874584 0.504766285419
2.0 0.000000 0.242852702737 0.734782874584 0.504766285419
0.0 0.000000 0.877968966961 0.224299490452 0.547698378563
1.0 0.027389 0.877968966961 0.224299490452 0.547698378563
2.0 0.000000 0.877968966961 0.224299490452 0.547698378563
3.0 0.002604 0.877968966961 0.224299490452 0.547698378563
0.0 0.000000 0.00317312707193 0.52952671051 0.823437511921
1.0 0.032341 0.561038613319 0.91523617506 0.431714773178
2.0 0.000000 0.561038613319 0.91523617506 0.431714773178
3.0 0.002857 0.561038613319 0.91523617506 0.431714773178
4.0 0.021858 0.561038613319 0.91523617506 0.431714773178
5.0 0.000000 0.561038613319 0.91523617506 0.431714773178
6.0 0.002660 0.561038613319 0.91523617506 0.431714773178
7.0 0.000000 0.561038613319 0.91523617506 0.431714773178
8.0 0.012853 0.561038613319 0.91523617506 0.431714773178
9.0 0.000000 0.561038613319 0.91523617506 0.431714773178
10.0 0.015363 0.561038613319 0.91523617506 0.431714773178
11.0 0.000000 0.561038613319 0.91523617506 0.431714773178
12.0 0.000000 0.561038613319 0.91523617506 0.431714773178
13.0 0.000000 0.561038613319 0.91523617506 0.431714773178
14.0 0.000000 0.561038613319 0.91523617506 0.431714773178
15.0 0.000000 0.561038613319 0.91523617506 0.431714773178
0.0 0.000000 0.450881272554 0.746727824211 0.728422164917
1.0 0.000000 0.450881272554 0.746727824211 0.728422164917
2.0 0.000000 0.450881272554 0.746727824211 0.728422164917
3.0 0.000000 0.450881272554 0.746727824211 0.728422164917
4.0 0.005405 0.450881272554 0.746727824211 0.728422164917
5.0 0.000000 0.450881272554 0.746727824211 0.728422164917
6.0 0.000000 0.450881272554 0.746727824211 0.728422164917
7.0 0.000000 0.450881272554 0.746727824211 0.728422164917
8.0 0.038421 0.450881272554 0.746727824211 1.08954167366
9.0 0.000000 0.450881272554 0.746727824211 1.08954167366
10.0 0.000000 0.450881272554 0.746727824211 1.08954167366
11.0 0.000000 0.450881272554 0.746727824211 1.08954167366
12.0 0.000000 0.450881272554 0.746727824211 1.08954167366
13.0 0.000000 0.450881272554 0.746727824211 1.08954167366
14.0 0.000000 0.450881272554 0.746727824211 1.08954167366
15.0 0.018775 0.450881272554 0.746727824211 1.08954167366
0.0 0.000000 0.559736430645 0.154248833656 0.486440181732
1.0 0.000000 0.559736430645 0.154248833656 0.486440181732
2.0 0.000000 0.559736430645 0.154248833656 0.486440181732
